0.762627 0.552416 0.327097 0.587451 0.774194 
0.478439 0.659658 0.162938 0.620472 0.000915555 
0.692007 0.743736 0.879543 0.122837 0.37553 
0.873928 0.251808 0.301431 0.880642 0.954161 
0.871242 0.239296 0.076693 0.486526 0.352184 
0.700552 0.357494 0.641713 0.917081 0.571306 
0.406354 0.617389 0.447279 0.882992 0.994354 
0.756279 0.802057 0.0172735 0.405347 0.892544 
0.248421 0.811518 0.58208 0.89584 0.346507 
0.782983 0.586291 0.880947 0.133213 0.191565 
0.46736 0.0525224 0.949034 0.158605 0.132756 
0.653218 0.750725 0.561327 0.31431 0.983856 
0.254372 0.921445 0.223701 0.965117 0.752159 
0.00640889 0.991424 0.208472 0.946562 0.362896 
0.482437 0.0661031 0.646229 0.499832 0.582904 
0.627674 0.666646 0.941221 0.550951 0.133213 
0.779717 0.866634 0.525834 0.771142 0.0559099 
0.558397 0.789148 0.329234 0.442854 0.374004 
0.871548 0.668294 0.923765 0.462874 0.0990326 
0.486587 0.099826 0.945952 0.672536 0.344249 
0.762627 0.552416 0.327097 0.587451 0.774194 
0.478439 0.659658 0.162938 0.620472 0.000915555 
0.692007 0.743736 0.879543 0.122837 0.37553 
0.873928 0.251808 0.301431 0.880642 0.954161 
0.871242 0.239296 0.076693 0.486526 0.352184 
0.700552 0.357494 0.641713 0.917081 0.571306 
0.406354 0.617389 0.447279 0.882992 0.994354 
0.756279 0.802057 0.0172735 0.405347 0.892544 
0.248421 0.811518 0.58208 0.89584 0.346507 
0.782983 0.586291 0.880947 0.133213 0.191565 
0.46736 0.0525224 0.949034 0.158605 0.132756 
0.653218 0.750725 0.561327 0.31431 0.983856 
0.254372 0.921445 0.223701 0.965117 0.752159 
0.00640889 0.991424 0.208472 0.946562 0.362896 
0.482437 0.0661031 0.646229 0.499832 0.582904 
0.627674 0.666646 0.941221 0.550951 0.133213 
0.779717 0.866634 0.525834 0.771142 0.0559099 
0.558397 0.789148 0.329234 0.442854 0.374004 
0.871548 0.668294 0.923765 0.462874 0.0990326 
0.486587 0.099826 0.945952 0.672536 0.344249 
